0 566 574 616 574 516 574 
0 565 524 615 524 515 524 
3 1 520 549 5 50
2 717.351 445.924 716.973 447.628 716.566 449.325 716.129 451.015 715.662 452.697 715.167 454.37 714.642 456.035 714.088 457.69 713.505 459.335 712.894 460.97 712.254 462.594 711.587 464.206 710.891 465.807 710.167 467.395 709.415 468.97 708.637 470.532 707.831 472.08 706.998 473.614 706.139 475.133 705.253 476.637 704.341 478.125 703.403 479.597 702.44 481.052 701.451 482.491 700.438 483.911 699.4 485.314 698.337 486.699 697.251 488.065 696.141 489.412 695.007 490.739 693.851 492.046 692.671 493.333 691.47 494.599 690.247 495.844 689.002 497.067 687.736 498.268 686.449 499.447 685.142 500.604 683.815 501.737 682.468 502.848 681.102 503.934 679.718 504.996 678.315 506.035 676.894 507.048 675.455 508.037 674 509 672.528 509.938 671.04 510.85 669.536 511.735 668.017 512.595 666.483 513.428 664.935 514.234 663.373 515.012 661.798 515.764 660.21 516.487 658.609 517.183 656.997 517.851 655.373 518.491 653.738 519.102 652.093 519.685 650.438 520.239 648.773 520.763 647.1 521.259 645.418 521.726 643.728 522.162 642.031 522.57 640.327 522.948 638.617 523.296 636.901 523.614 635.18 523.902 633.453 524.16 631.723 524.388 629.989 524.585 628.252 524.752 626.512 524.889 624.77 524.996 623.026 525.072 621.281 525.118 619.536 525.133 617.791 525.118 616.046 525.072 614.302 524.996 612.56 524.889 610.82 524.752 609.083 524.585 607.349 524.388 605.619 524.16 603.893 523.902 602.171 523.614 600.455 523.296 598.745 522.948 45
2 763.986 452.376 763.568 454.872 763.107 457.36 762.603 459.84 762.055 462.31 761.464 464.771 760.83 467.221 760.154 469.66 759.435 472.086 758.674 474.5 757.871 476.9 757.027 479.285 756.14 481.656 755.213 484.01 754.244 486.349 753.235 488.669 752.186 490.972 751.096 493.256 749.967 495.521 748.799 497.766 747.591 499.99 746.345 502.193 745.06 504.373 743.738 506.531 742.378 508.665 740.982 510.776 739.548 512.861 738.079 514.921 736.573 516.956 735.033 518.963 733.457 520.944 731.848 522.897 730.204 524.821 728.527 526.716 726.817 528.582 725.075 530.418 723.302 532.223 721.497 533.997 719.661 535.739 717.795 537.449 715.9 539.125 713.975 540.769 712.023 542.379 710.042 543.954 708.034 545.495 706 547 703.94 548.47 701.854 549.903 699.744 551.3 697.609 552.659 695.452 553.982 693.271 555.266 691.068 556.512 688.844 557.72 686.6 558.888 684.335 560.018 682.051 561.107 679.748 562.157 677.427 563.166 675.089 564.134 672.734 565.062 670.364 565.948 667.979 566.793 665.579 567.596 663.165 568.357 660.739 569.076 658.3 569.752 655.85 570.385 653.389 570.976 650.918 571.524 648.438 572.028 645.95 572.49 643.454 572.907 640.951 573.281 638.442 573.612 635.928 573.898 633.409 574.141 630.886 574.339 628.36 574.494 625.832 574.604 623.302 574.67 620.771 574.693 618.241 574.67 615.711 574.604 613.182 574.494 610.656 574.339 608.134 574.141 605.615 573.898 603.1 573.612 600.591 573.281 598.088 572.907 45
2 713.316 456.518 713.955 454.894 714.623 453.281 715.319 451.681 716.043 450.093 716.794 448.517 717.573 446.956 718.379 445.407 719.212 443.874 720.071 442.355 720.957 440.851 721.869 439.363 722.807 437.891 723.77 436.435 724.758 434.997 725.772 433.576 726.81 432.173 727.873 430.788 728.959 429.423 730.069 428.076 731.203 426.749 732.359 425.441 733.538 424.155 734.74 422.889 735.963 421.644 737.208 420.421 738.474 419.219 739.761 418.04 741.068 416.884 742.395 415.75 743.742 414.64 745.107 413.553 746.492 412.491 747.895 411.453 749.316 410.439 750.754 409.451 752.21 408.487 753.682 407.55 755.17 406.638 756.674 405.752 758.193 404.893 759.727 404.06 761.275 403.254 762.837 402.475 764.412 401.724 766 401 767.601 400.304 769.213 399.636 770.837 398.996 772.472 398.385 774.117 397.803 775.772 397.249 777.436 396.724 779.11 396.228 780.792 395.762 782.481 395.325 784.179 394.918 785.882 394.54 787.593 394.192 789.309 393.874 791.03 393.586 792.756 393.328 794.487 393.1 796.221 392.902 797.958 392.735 799.698 392.598 801.44 392.492 803.184 392.415 804.928 392.37 806.674 392.355 808.419 392.37 810.164 392.415 811.907 392.492 813.649 392.598 815.389 392.735 817.126 392.902 818.861 393.1 820.591 393.328 822.317 393.586 824.038 393.874 825.755 394.192 827.465 394.54 829.169 394.918 830.866 395.325 832.556 395.762 834.237 396.228 835.911 396.724 837.575 397.249 839.23 397.803 840.876 398.385 842.51 398.997 45
2 752.853 465.548 754.16 464.392 755.488 463.259 756.834 462.148 758.2 461.062 759.585 459.999 760.988 458.961 762.409 457.948 763.847 456.959 765.302 455.996 766.774 455.058 768.263 454.146 769.766 453.26 771.285 452.401 772.819 451.568 774.367 450.762 775.929 449.984 777.505 449.232 779.093 448.508 780.693 447.812 782.306 447.145 783.93 446.505 785.564 445.894 787.21 445.311 788.865 444.757 790.529 444.233 792.203 443.737 793.884 443.27 795.574 442.833 797.271 442.426 798.975 442.048 800.685 441.7 802.402 441.382 804.123 441.094 805.849 440.836 807.579 440.608 809.314 440.411 811.051 440.243 812.791 440.107 814.533 440 816.276 439.924 818.021 439.878 819.766 439.863 821.512 439.878 823.256 439.924 825 440 826.742 440.107 828.482 440.243 830.219 440.411 831.953 440.608 833.684 440.836 835.41 441.094 837.131 441.382 838.847 441.7 840.557 442.048 842.261 442.426 843.959 442.833 845.648 443.27 847.33 443.737 849.003 444.232 850.668 444.757 852.323 445.311 853.968 445.894 855.603 446.505 857.227 447.145 858.839 447.812 860.44 448.508 862.028 449.232 863.603 449.984 865.165 450.762 866.714 451.568 868.247 452.401 869.766 453.26 871.27 454.146 872.758 455.058 874.23 455.996 875.686 456.959 877.124 457.948 878.545 458.961 879.948 459.999 881.333 461.062 882.698 462.148 884.045 463.259 885.372 464.392 886.679 465.548 887.966 466.728 889.232 467.929 890.477 469.152 891.7 470.397 892.902 471.663 894.081 472.95 45
2 831.56 396.524 833.814 396.781 836.064 397.077 838.308 397.412 840.545 397.787 842.776 398.2 845 398.653 847.215 399.144 849.421 399.673 851.618 400.241 853.804 400.848 855.979 401.492 858.143 402.174 860.295 402.894 862.434 403.652 864.559 404.446 866.67 405.278 868.766 406.146 870.847 407.051 872.911 407.992 874.959 408.968 876.99 409.981 879.002 411.029 880.996 412.111 882.971 413.228 884.926 414.38 886.861 415.565 888.774 416.785 890.666 418.037 892.536 419.322 894.383 420.639 896.207 421.989 898.007 423.37 899.783 424.783 901.533 426.226 903.259 427.699 904.958 429.203 906.631 430.736 908.277 432.298 909.895 433.888 911.485 435.506 913.047 437.152 914.58 438.825 916.083 440.524 917.557 442.249 919 444 920.412 445.776 921.794 447.576 923.143 449.4 924.461 451.247 925.746 453.117 926.998 455.009 928.217 456.922 929.403 458.857 930.554 460.812 931.672 462.786 932.754 464.78 933.802 466.793 934.814 468.823 935.791 470.871 936.732 472.936 937.637 475.017 938.505 477.113 939.337 479.224 940.131 481.349 940.888 483.488 941.608 485.639 942.291 487.803 942.935 489.979 943.541 492.165 944.109 494.362 944.639 496.568 945.13 498.783 945.583 501.007 945.996 503.237 946.371 505.475 946.706 507.719 947.002 509.969 947.259 512.223 947.476 514.481 947.654 516.743 947.793 519.008 947.892 521.275 947.951 523.543 947.971 525.812 947.951 528.081 947.892 530.349 947.793 532.615 947.654 534.88 947.476 537.142 947.259 539.4 45
2 887.01 464.118 887.869 465.637 888.702 467.171 889.508 468.719 890.287 470.281 891.038 471.856 891.762 473.444 892.458 475.045 893.126 476.657 893.765 478.281 894.377 479.916 894.959 481.561 895.513 483.216 896.038 484.881 896.534 486.554 897 488.236 897.437 489.926 897.844 491.623 898.222 493.327 898.57 495.037 898.888 496.753 899.176 498.475 899.434 500.201 899.662 501.931 899.86 503.665 900.027 505.402 900.164 507.142 900.27 508.885 900.346 510.628 900.392 512.373 900.407 514.118 900.392 515.863 900.346 517.608 900.27 519.352 900.164 521.094 900.027 522.834 899.86 524.571 899.662 526.305 899.434 528.035 899.176 529.762 898.888 531.483 898.57 533.199 898.222 534.909 897.844 536.613 897.437 538.31 897 540 896.534 541.682 896.038 543.355 895.513 545.02 894.959 546.675 894.377 548.32 893.765 549.955 893.126 551.579 892.458 553.191 891.762 554.792 891.038 556.38 890.287 557.955 889.508 559.517 888.702 561.065 887.869 562.599 887.01 564.118 886.124 565.622 885.212 567.11 884.274 568.582 883.311 570.037 882.323 571.476 881.309 572.897 880.271 574.3 879.208 575.684 878.122 577.05 877.012 578.397 875.878 579.724 874.722 581.031 873.543 582.318 872.341 583.584 871.118 584.829 869.873 586.052 868.607 587.253 867.32 588.433 866.013 589.589 864.686 590.723 863.339 591.833 861.974 592.919 860.589 593.982 859.186 595.02 857.765 596.033 856.327 597.022 854.871 597.985 853.399 598.923 851.911 599.835 850.407 600.721 45
2 945.867 523.578 946.125 525.304 946.353 527.035 946.55 528.769 946.718 530.506 946.855 532.246 946.961 533.988 947.037 535.732 947.083 537.476 947.098 539.221 947.083 540.967 947.037 542.711 946.961 544.455 946.855 546.197 946.718 547.937 946.55 549.674 946.353 551.408 946.125 553.139 945.867 554.865 945.579 556.586 945.261 558.302 944.913 560.013 944.535 561.717 944.128 563.414 943.691 565.103 943.224 566.785 942.729 568.459 942.204 570.123 941.65 571.778 941.068 573.424 940.456 575.058 939.817 576.682 939.149 578.295 938.453 579.895 937.729 581.483 936.978 583.059 936.199 584.621 935.393 586.169 934.56 587.702 933.701 589.221 932.815 590.725 931.903 592.213 930.965 593.685 930.002 595.141 929.013 596.579 928 598 926.962 599.403 925.899 600.788 924.813 602.154 923.703 603.5 922.569 604.827 921.413 606.135 920.234 607.421 919.032 608.687 917.809 609.932 916.564 611.155 915.298 612.357 914.011 613.536 912.704 614.692 911.377 615.826 910.03 616.936 908.664 618.023 907.28 619.085 905.877 620.123 904.456 621.137 903.018 622.125 901.562 623.089 900.09 624.026 898.602 624.938 897.098 625.824 895.579 626.683 894.045 627.516 892.497 628.322 890.935 629.101 889.36 629.852 887.772 630.576 886.171 631.272 884.559 631.94 882.935 632.58 881.3 633.191 879.655 633.773 878 634.327 876.335 634.852 874.662 635.348 872.98 635.814 871.29 636.251 869.593 636.659 867.889 637.036 866.179 637.384 864.463 637.702 862.742 637.99 45
2 850.289 739.711 849.066 738.466 847.865 737.2 846.686 735.913 845.529 734.606 844.396 733.279 843.285 731.932 842.199 730.566 841.136 729.182 840.098 727.779 839.085 726.358 838.096 724.919 837.133 723.464 836.195 721.992 835.283 720.504 834.397 719 833.538 717.481 832.705 715.947 831.899 714.399 831.121 712.837 830.369 711.262 829.645 709.674 828.95 708.073 828.282 706.461 827.642 704.837 827.031 703.202 826.448 701.557 825.894 699.902 825.37 698.237 824.874 696.564 824.407 694.882 823.97 693.192 823.563 691.495 823.185 689.791 822.837 688.081 822.519 686.365 822.231 684.643 821.973 682.917 821.745 681.187 821.548 679.453 821.381 677.716 821.244 675.976 821.137 674.234 821.061 672.49 821.015 670.745 821 669 821.015 667.255 821.061 665.51 821.137 663.766 821.244 662.024 821.381 660.284 821.548 658.547 821.745 656.813 821.973 655.083 822.231 653.357 822.519 651.635 822.837 649.919 823.185 648.209 823.563 646.505 823.97 644.808 824.407 643.118 824.874 641.436 825.37 639.763 825.894 638.098 826.448 636.443 827.031 634.798 827.642 633.163 828.282 631.539 828.95 629.927 829.645 628.326 830.369 626.738 831.121 625.163 831.899 623.601 832.705 622.053 833.538 620.519 834.397 619 835.283 617.496 836.195 616.008 837.133 614.536 838.096 613.081 839.085 611.642 840.098 610.221 841.136 608.818 842.199 607.434 843.285 606.068 844.396 604.721 845.529 603.394 846.686 602.087 847.865 600.8 849.066 599.534 850.289 598.289 45
2 934.518 756.684 932.894 756.045 931.281 755.377 929.681 754.681 928.093 753.957 926.517 753.206 924.956 752.427 923.407 751.621 921.874 750.788 920.355 749.929 918.851 749.043 917.363 748.131 915.891 747.193 914.435 746.23 912.997 745.242 911.576 744.228 910.173 743.19 908.788 742.127 907.423 741.041 906.076 739.931 904.749 738.797 903.441 737.641 902.155 736.462 900.889 735.26 899.644 734.037 898.421 732.792 897.219 731.526 896.04 730.239 894.884 728.932 893.75 727.605 892.64 726.258 891.553 724.893 890.491 723.508 889.453 722.105 888.439 720.684 887.451 719.246 886.487 717.79 885.55 716.318 884.638 714.83 883.752 713.326 882.893 711.807 882.06 710.273 881.254 708.725 880.475 707.163 879.724 705.588 879 704 878.304 702.399 877.636 700.787 876.997 699.163 876.385 697.528 875.803 695.883 875.249 694.228 874.724 692.564 874.228 690.89 873.762 689.208 873.325 687.519 872.918 685.821 872.54 684.117 872.192 682.407 871.874 680.691 871.586 678.97 871.328 677.244 871.1 675.513 870.902 673.779 870.735 672.042 870.598 670.302 870.492 668.56 870.415 666.816 870.37 665.072 870.355 663.326 870.37 661.581 870.415 659.836 870.492 658.093 870.598 656.351 870.735 654.611 870.902 652.874 871.1 651.139 871.328 649.409 871.586 647.683 871.874 645.962 872.192 644.245 872.54 642.535 872.918 640.831 873.325 639.134 873.762 637.444 874.228 635.763 874.724 634.089 875.249 632.425 875.803 630.77 876.385 629.124 876.997 627.49 45
2 992.018 769.355 990.472 770.34 988.91 771.297 987.331 772.227 985.736 773.13 984.125 774.004 982.5 774.85 980.86 775.668 979.206 776.457 977.538 777.217 975.858 777.948 974.164 778.649 972.459 779.32 970.743 779.962 969.015 780.574 967.278 781.155 965.53 781.706 963.773 782.227 962.007 782.717 960.233 783.176 958.451 783.603 956.661 784 954.866 784.365 953.064 784.699 951.256 785.002 949.444 785.273 947.627 785.512 945.806 785.719 943.982 785.895 942.155 786.039 940.326 786.151 938.495 786.231 936.663 786.279 934.831 786.294 932.998 786.279 931.166 786.231 929.335 786.151 927.506 786.039 925.679 785.895 923.855 785.719 922.034 785.512 920.218 785.273 918.405 785.002 916.598 784.699 914.796 784.365 913 784 911.211 783.603 909.429 783.176 907.655 782.717 905.889 782.227 904.132 781.706 902.384 781.155 900.646 780.574 898.919 779.962 897.202 779.32 895.497 778.649 893.804 777.948 892.123 777.217 890.456 776.457 888.802 775.668 887.162 774.85 885.536 774.004 883.926 773.13 882.331 772.227 880.752 771.297 879.189 770.34 877.644 769.355 876.115 768.343 874.605 767.305 873.113 766.241 871.64 765.151 870.186 764.036 868.752 762.895 867.338 761.729 865.945 760.539 864.572 759.325 863.221 758.087 861.892 756.825 860.585 755.541 859.3 754.234 858.039 752.904 856.801 751.553 855.586 750.181 854.396 748.787 853.23 747.373 852.09 745.939 850.974 744.485 849.884 743.012 848.82 741.52 847.782 740.01 846.77 738.482 45
2 931.745 747.948 933.217 747.01 934.705 746.098 936.209 745.212 937.728 744.353 939.262 743.52 940.81 742.714 942.372 741.935 943.947 741.184 945.535 740.46 947.136 739.764 948.748 739.096 950.372 738.457 952.007 737.845 953.652 737.263 955.307 736.709 956.972 736.184 958.645 735.689 960.327 735.222 962.017 734.785 963.714 734.378 965.418 734 967.128 733.652 968.844 733.334 970.565 733.046 972.292 732.788 974.022 732.56 975.756 732.363 977.493 732.195 979.233 732.058 980.975 731.952 982.719 731.876 984.464 731.83 986.209 731.815 987.954 731.83 989.699 731.876 991.443 731.952 993.185 732.058 994.924 732.195 996.662 732.363 998.396 732.56 1000.13 732.788 1001.85 733.046 1003.57 733.334 1005.29 733.652 1007 734 1008.7 734.378 1010.4 734.785 1012.09 735.222 1013.77 735.689 1015.45 736.184 1017.11 736.709 1018.77 737.263 1020.41 737.846 1022.05 738.457 1023.67 739.096 1025.28 739.764 1026.88 740.46 1028.47 741.184 1030.05 741.935 1031.61 742.714 1033.16 743.52 1034.69 744.353 1036.21 745.212 1037.71 746.098 1039.2 747.01 1040.67 747.948 1042.13 748.911 1043.57 749.9 1044.99 750.913 1046.39 751.951 1047.78 753.014 1049.14 754.1 1050.49 755.21 1051.81 756.344 1053.12 757.5 1054.41 758.679 1055.67 759.881 1056.92 761.104 1058.14 762.349 1059.34 763.615 1060.52 764.902 1061.68 766.209 1062.81 767.536 1063.92 768.883 1065.01 770.249 1066.07 771.633 1067.11 773.036 1068.12 774.457 1069.11 775.895 1070.08 777.351 45
2 988.48 765.738 989.827 766.848 991.154 767.982 992.461 769.138 993.748 770.318 995.014 771.519 996.258 772.742 997.482 773.987 998.683 775.253 999.862 776.54 1001.02 777.847 1002.15 779.174 1003.26 780.521 1004.35 781.887 1005.41 783.271 1006.45 784.674 1007.46 786.095 1008.45 787.534 1009.41 788.989 1010.35 790.461 1011.26 791.949 1012.15 793.453 1013.01 794.972 1013.84 796.506 1014.65 798.054 1015.43 799.616 1016.18 801.191 1016.9 802.779 1017.6 804.38 1018.27 805.992 1018.91 807.616 1019.52 809.251 1020.1 810.896 1020.65 812.551 1021.18 814.216 1021.67 815.889 1022.14 817.571 1022.58 819.261 1022.98 820.958 1023.36 822.662 1023.71 824.372 1024.03 826.088 1024.32 827.809 1024.57 829.536 1024.8 831.266 1025 833 1025.17 834.737 1025.3 836.477 1025.41 838.219 1025.49 839.963 1025.53 841.708 1025.55 843.453 1025.53 845.198 1025.49 846.943 1025.41 848.686 1025.3 850.429 1025.17 852.168 1025 853.906 1024.8 855.64 1024.57 857.37 1024.32 859.096 1024.03 860.818 1023.71 862.534 1023.36 864.244 1022.98 865.948 1022.58 867.645 1022.14 869.335 1021.67 871.017 1021.18 872.69 1020.65 874.355 1020.1 876.01 1019.52 877.655 1018.91 879.29 1018.27 880.914 1017.6 882.526 1016.9 884.127 1016.18 885.715 1015.43 887.29 1014.65 888.852 1013.84 890.4 1013.01 891.934 1012.15 893.453 1011.26 894.957 1010.35 896.445 1009.41 897.917 1008.45 899.372 1007.46 900.811 1006.45 902.231 1005.41 903.634 1004.35 905.019 1003.26 906.385 45
0 1064 849 1051.49 928.015 1076.51 769.985 
2 1051.26 925.052 1049.78 925.99 1048.29 926.902 1046.79 927.788 1045.27 928.647 1043.74 929.48 1042.19 930.286 1040.63 931.065 1039.05 931.816 1037.46 932.54 1035.86 933.236 1034.25 933.904 1032.63 934.543 1030.99 935.154 1029.35 935.737 1027.69 936.291 1026.03 936.816 1024.35 937.311 1022.67 937.778 1020.98 938.215 1019.29 938.622 1017.58 939 1015.87 939.348 1014.16 939.666 1012.43 939.954 1010.71 940.212 1008.98 940.44 1007.24 940.637 1005.51 940.805 1003.77 940.942 1002.02 941.048 1000.28 941.124 998.536 941.17 996.791 941.185 995.046 941.17 993.301 941.124 991.558 941.048 989.815 940.942 988.076 940.805 986.338 940.637 984.604 940.44 982.874 940.212 981.148 939.954 979.426 939.666 977.71 939.348 976 939 974.296 938.622 972.599 938.215 970.909 937.778 969.227 937.311 967.554 936.816 965.889 936.291 964.234 935.737 962.589 935.154 960.954 934.543 959.33 933.904 957.718 933.236 956.117 932.54 954.529 931.816 952.954 931.065 951.392 930.286 949.844 929.48 948.31 928.647 946.791 927.788 945.287 926.902 943.799 925.99 942.327 925.052 940.872 924.089 939.433 923.1 938.013 922.087 936.61 921.049 935.225 919.986 933.859 918.9 932.512 917.79 931.185 916.656 929.878 915.5 928.591 914.321 927.325 913.119 926.08 911.896 924.857 910.651 923.656 909.385 922.477 908.098 921.32 906.791 920.187 905.464 919.077 904.117 917.99 902.751 916.928 901.367 915.889 899.964 914.876 898.543 913.887 897.105 912.924 895.649 45
2 869.118 870.99 870.637 870.131 872.171 869.298 873.719 868.492 875.281 867.713 876.856 866.962 878.444 866.238 880.045 865.542 881.657 864.874 883.281 864.235 884.916 863.623 886.561 863.041 888.216 862.487 889.881 861.962 891.554 861.466 893.236 861 894.926 860.563 896.623 860.156 898.327 859.778 900.037 859.43 901.753 859.112 903.475 858.824 905.201 858.566 906.931 858.338 908.665 858.14 910.403 857.973 912.142 857.836 913.885 857.73 915.628 857.654 917.373 857.608 919.118 857.593 920.863 857.608 922.608 857.654 924.352 857.73 926.094 857.836 927.834 857.973 929.571 858.14 931.305 858.338 933.035 858.566 934.762 858.824 936.483 859.112 938.199 859.43 939.909 859.778 941.613 860.156 943.31 860.563 945 861 946.682 861.466 948.355 861.962 950.02 862.487 951.675 863.041 953.32 863.623 954.955 864.235 956.579 864.874 958.191 865.542 959.792 866.238 961.38 866.962 962.955 867.713 964.517 868.492 966.065 869.298 967.599 870.131 969.118 870.99 970.622 871.876 972.11 872.788 973.582 873.726 975.037 874.689 976.476 875.677 977.897 876.691 979.3 877.729 980.684 878.792 982.05 879.878 983.397 880.988 984.724 882.122 986.031 883.278 987.318 884.457 988.584 885.659 989.829 886.882 991.052 888.127 992.253 889.393 993.433 890.68 994.589 891.987 995.723 893.314 996.833 894.661 997.919 896.026 998.982 897.411 1000.02 898.814 1001.03 900.235 1002.02 901.673 1002.99 903.129 1003.92 904.601 1004.83 906.089 1005.72 907.593 45
2 922.255 899.052 920.783 899.99 919.295 900.902 917.791 901.788 916.272 902.647 914.738 903.48 913.19 904.286 911.628 905.065 910.053 905.816 908.465 906.54 906.864 907.236 905.252 907.904 903.628 908.543 901.993 909.154 900.348 909.737 898.693 910.291 897.028 910.816 895.355 911.311 893.673 911.778 891.983 912.215 890.286 912.622 888.582 913 886.872 913.348 885.156 913.666 883.435 913.954 881.708 914.212 879.978 914.44 878.244 914.637 876.507 914.805 874.767 914.942 873.025 915.048 871.281 915.124 869.536 915.17 867.791 915.185 866.046 915.17 864.301 915.124 862.558 915.048 860.816 914.942 859.076 914.805 857.338 914.637 855.604 914.44 853.874 914.212 852.148 913.954 850.426 913.666 848.71 913.348 847 913 845.296 912.622 843.599 912.215 841.909 911.778 840.227 911.311 838.554 910.816 836.89 910.291 835.234 909.737 833.589 909.154 831.954 908.543 830.331 907.904 828.718 907.236 827.118 906.54 825.529 905.816 823.954 905.065 822.392 904.286 820.844 903.48 819.31 902.647 817.791 901.788 816.287 900.902 814.799 899.99 813.327 899.052 811.872 898.089 810.434 897.1 809.013 896.087 807.61 895.049 806.225 893.986 804.859 892.9 803.512 891.79 802.185 890.656 800.878 889.5 799.591 888.321 798.325 887.119 797.081 885.896 795.857 884.651 794.656 883.385 793.477 882.098 792.32 880.791 791.187 879.464 790.077 878.117 788.99 876.751 787.928 875.367 786.89 873.964 785.876 872.543 784.887 871.105 783.924 869.649 45
2 735.615 856.738 736.981 855.651 738.366 854.589 739.769 853.551 741.19 852.537 742.628 851.548 744.083 850.585 745.555 849.647 747.043 848.735 748.547 847.85 750.066 846.99 751.6 846.157 753.148 845.352 754.71 844.573 756.285 843.821 757.874 843.098 759.474 842.402 761.086 841.734 762.71 841.094 764.345 840.483 765.99 839.9 767.645 839.347 769.31 838.822 770.983 838.326 772.665 837.86 774.355 837.423 776.052 837.015 777.756 836.637 779.466 836.289 781.182 835.971 782.904 835.683 784.63 835.425 786.36 835.198 788.094 835 789.832 834.833 791.572 834.696 793.314 834.589 795.057 834.513 796.802 834.467 798.547 834.452 800.292 834.467 802.037 834.513 803.781 834.589 805.523 834.696 807.263 834.833 809 835 810.734 835.198 812.464 835.425 814.191 835.683 815.912 835.971 817.628 836.289 819.338 836.637 821.042 837.015 822.739 837.423 824.429 837.86 826.111 838.326 827.784 838.822 829.449 839.347 831.104 839.9 832.749 840.483 834.384 841.094 836.008 841.734 837.62 842.402 839.221 843.098 840.809 843.821 842.384 844.573 843.946 845.352 845.494 846.157 847.028 846.99 848.547 847.85 850.051 848.735 851.539 849.647 853.011 850.585 854.466 851.548 855.905 852.537 857.326 853.55 858.729 854.589 860.113 855.651 861.479 856.738 862.826 857.848 864.153 858.981 865.46 860.138 866.747 861.317 868.013 862.518 869.258 863.742 870.481 864.986 871.683 866.252 872.862 867.539 874.018 868.846 875.152 870.173 876.262 871.52 45
2 796.081 871.05 794.902 872.337 793.7 873.603 792.477 874.848 791.232 876.071 789.966 877.272 788.679 878.452 787.372 879.608 786.045 880.741 784.698 881.852 783.333 882.938 781.948 884.001 780.545 885.039 779.124 886.052 777.686 887.041 776.23 888.004 774.758 888.942 773.27 889.854 771.766 890.74 770.247 891.599 768.714 892.432 767.165 893.238 765.604 894.016 764.028 894.768 762.44 895.492 760.84 896.188 759.227 896.855 757.603 897.495 755.968 898.106 754.323 898.689 752.668 899.243 751.004 899.768 749.33 900.263 747.648 900.73 745.959 901.167 744.262 901.574 742.558 901.952 740.847 902.3 739.131 902.618 737.41 902.906 735.684 903.164 733.953 903.392 732.219 903.589 730.482 903.756 728.742 903.893 727 904 725.256 904.076 723.512 904.122 721.766 904.137 720.021 904.122 718.276 904.076 716.533 904 714.791 903.893 713.051 903.756 711.314 903.589 709.579 903.392 707.849 903.164 706.123 902.906 704.402 902.618 702.686 902.3 700.975 901.952 699.271 901.574 697.574 901.167 695.885 900.73 694.203 900.263 692.529 899.768 690.865 899.243 689.21 898.689 687.564 898.106 685.93 897.495 684.306 896.855 682.693 896.188 681.093 895.492 679.505 894.768 677.929 894.016 676.367 893.238 674.819 892.432 673.285 891.599 671.766 890.74 670.263 889.854 668.774 888.942 667.302 888.004 665.847 887.041 664.409 886.052 662.988 885.039 661.585 884.001 660.2 882.938 658.834 881.852 657.488 880.741 656.161 879.608 654.853 878.452 45
2 603.919 863.95 605.098 862.663 606.3 861.397 607.523 860.152 608.768 858.929 610.034 857.728 611.321 856.549 612.628 855.392 613.955 854.259 615.302 853.148 616.667 852.062 618.052 850.999 619.455 849.961 620.876 848.948 622.314 847.959 623.77 846.996 625.242 846.058 626.73 845.146 628.234 844.26 629.753 843.401 631.286 842.568 632.835 841.762 634.397 840.984 635.972 840.232 637.56 839.508 639.161 838.812 640.773 838.145 642.397 837.505 644.032 836.894 645.677 836.311 647.332 835.757 648.996 835.232 650.67 834.737 652.352 834.27 654.041 833.833 655.739 833.426 657.442 833.048 659.153 832.7 660.869 832.382 662.59 832.094 664.316 831.836 666.047 831.608 667.781 831.411 669.518 831.244 671.258 831.107 673 831 674.744 830.924 676.488 830.878 678.234 830.863 679.979 830.878 681.724 830.924 683.467 831 685.209 831.107 686.949 831.244 688.686 831.411 690.421 831.608 692.151 831.836 693.877 832.094 695.598 832.382 697.315 832.7 699.025 833.048 700.729 833.426 702.426 833.833 704.116 834.27 705.797 834.737 707.471 835.232 709.135 835.757 710.79 836.311 712.436 836.894 714.07 837.505 715.694 838.145 717.307 838.812 718.907 839.508 720.495 840.232 722.071 840.984 723.633 841.762 725.181 842.568 726.715 843.401 728.234 844.26 729.737 845.146 731.226 846.058 732.698 846.996 734.153 847.959 735.591 848.948 737.012 849.961 738.415 850.999 739.8 852.062 741.166 853.148 742.512 854.259 743.84 855.392 745.147 856.549 45
2 663.262 879.48 662.152 880.827 661.018 882.154 659.862 883.461 658.683 884.748 657.481 886.014 656.258 887.258 655.013 888.482 653.747 889.683 652.46 890.862 651.153 892.019 649.826 893.152 648.479 894.262 647.113 895.349 645.729 896.411 644.326 897.449 642.905 898.463 641.466 899.452 640.011 900.415 638.539 901.353 637.051 902.265 635.547 903.15 634.028 904.01 632.494 904.843 630.946 905.648 629.384 906.427 627.809 907.179 626.221 907.902 624.62 908.598 623.008 909.266 621.384 909.906 619.749 910.517 618.104 911.1 616.449 911.653 614.784 912.178 613.111 912.674 611.429 913.14 609.739 913.577 608.042 913.985 606.338 914.363 604.628 914.711 602.912 915.029 601.191 915.317 599.464 915.575 597.734 915.802 596 916 594.263 916.167 592.523 916.304 590.781 916.411 589.037 916.487 587.292 916.533 585.547 916.548 583.802 916.533 582.057 916.487 580.314 916.411 578.572 916.304 576.832 916.167 575.094 916 573.36 915.802 571.63 915.575 569.904 915.317 568.182 915.029 566.466 914.711 564.756 914.363 563.052 913.985 561.355 913.577 559.665 913.14 557.983 912.674 556.31 912.178 554.646 911.653 552.99 911.1 551.345 910.517 549.71 909.906 548.087 909.266 546.474 908.598 544.874 907.902 543.285 907.179 541.71 906.427 540.148 905.648 538.6 904.843 537.066 904.01 535.547 903.15 534.043 902.265 532.555 901.353 531.083 900.415 529.628 899.452 528.19 898.463 526.769 897.449 525.366 896.411 523.981 895.349 522.615 894.262 45
2 473.742 886.99 474.78 885.587 475.842 884.203 476.929 882.837 478.039 881.49 479.172 880.163 480.329 878.856 481.508 877.569 482.709 876.303 483.933 875.058 485.178 873.835 486.444 872.633 487.73 871.454 489.038 870.298 490.365 869.164 491.711 868.054 493.077 866.968 494.462 865.905 495.865 864.867 497.286 863.854 498.724 862.865 500.18 861.902 501.651 860.964 503.14 860.052 504.643 859.166 506.162 858.307 507.696 857.474 509.244 856.668 510.806 855.889 512.382 855.138 513.97 854.414 515.57 853.718 517.183 853.05 518.807 852.411 520.441 851.8 522.087 851.217 523.742 850.663 525.406 850.138 527.08 849.643 528.762 849.176 530.451 848.739 532.148 848.332 533.852 847.954 535.563 847.606 537.279 847.288 539 847 540.726 846.742 542.456 846.514 544.191 846.317 545.928 846.149 547.668 846.012 549.41 845.906 551.153 845.83 552.898 845.784 554.643 845.769 556.389 845.784 558.133 845.83 559.877 845.906 561.619 846.012 563.359 846.149 565.096 846.317 566.83 846.514 568.561 846.742 570.287 847 572.008 847.288 573.724 847.606 575.435 847.954 577.139 848.332 578.836 848.739 580.525 849.176 582.207 849.643 583.881 850.138 585.545 850.663 587.2 851.217 588.845 851.8 590.48 852.411 592.104 853.05 593.717 853.718 595.317 854.414 596.905 855.138 598.481 855.889 600.042 856.668 601.591 857.474 603.124 858.307 604.643 859.166 606.147 860.052 607.635 860.964 609.107 861.902 610.563 862.865 612.001 863.854 613.422 864.867 45
2 533.385 895.262 532.019 896.349 530.634 897.411 529.231 898.449 527.81 899.463 526.372 900.452 524.917 901.415 523.445 902.353 521.957 903.265 520.453 904.15 518.934 905.01 517.4 905.843 515.852 906.648 514.29 907.427 512.715 908.179 511.126 908.902 509.526 909.598 507.913 910.266 506.29 910.906 504.655 911.517 503.01 912.1 501.355 912.653 499.69 913.178 498.017 913.674 496.335 914.14 494.645 914.577 492.948 914.985 491.244 915.363 489.534 915.711 487.818 916.029 486.096 916.317 484.37 916.575 482.64 916.802 480.906 917 479.168 917.167 477.428 917.304 475.686 917.411 473.943 917.487 472.198 917.533 470.453 917.548 468.708 917.533 466.963 917.487 465.219 917.411 463.477 917.304 461.737 917.167 460 917 458.266 916.802 456.536 916.575 454.809 916.317 453.088 916.029 451.372 915.711 449.662 915.363 447.958 914.985 446.261 914.577 444.571 914.14 442.889 913.674 441.216 913.178 439.551 912.653 437.896 912.1 436.251 911.517 434.616 910.906 432.992 910.266 431.38 909.598 429.779 908.902 428.191 908.179 426.616 907.427 425.054 906.648 423.506 905.843 421.972 905.01 420.453 904.15 418.949 903.265 417.461 902.353 415.989 901.415 414.534 900.452 413.095 899.463 411.674 898.45 410.271 897.411 408.887 896.349 407.521 895.262 406.174 894.152 404.847 893.019 403.54 891.862 402.253 890.683 400.987 889.482 399.742 888.258 398.519 887.014 397.317 885.748 396.138 884.461 394.982 883.154 393.848 881.827 392.738 880.48 45
0 461 839 530.19 794.067 391.81 883.933 
0 618 789 717.863 783.766 518.137 794.234 
2 684.919 728.05 686.661 728.157 688.401 728.294 690.138 728.461 691.872 728.658 693.603 728.886 695.329 729.144 697.05 729.432 698.766 729.75 700.477 730.098 702.181 730.476 703.878 730.884 705.567 731.32 707.249 731.787 708.923 732.283 710.587 732.807 712.242 733.361 713.888 733.944 715.522 734.555 717.146 735.195 718.759 735.863 720.359 736.559 721.947 737.282 723.523 738.034 725.085 738.812 726.633 739.618 728.167 740.451 729.686 741.311 731.189 742.196 732.677 743.108 734.149 744.046 735.605 745.009 737.043 745.998 738.464 747.011 739.867 748.05 741.252 749.112 742.618 750.198 743.964 751.309 745.291 752.442 746.599 753.599 747.885 754.778 749.151 755.979 750.396 757.202 751.62 758.447 752.821 759.713 754 761 755.156 762.307 756.29 763.634 757.4 764.981 758.487 766.347 759.549 767.732 760.587 769.135 761.601 770.555 762.589 771.994 763.553 773.449 764.49 774.921 765.402 776.409 766.288 777.913 767.148 779.432 767.98 780.966 768.786 782.514 769.565 784.076 770.316 785.651 771.04 787.239 771.736 788.84 772.404 790.452 773.044 792.076 773.655 793.711 774.237 795.356 774.791 797.011 775.316 798.676 775.812 800.349 776.278 802.031 776.715 803.721 777.123 805.418 777.5 807.122 777.848 808.832 778.166 810.548 778.454 812.27 778.712 813.996 778.94 815.726 779.138 817.46 779.305 819.198 779.442 820.937 779.549 822.68 779.625 824.423 779.67 826.168 779.686 827.913 779.67 829.658 779.625 831.403 779.549 833.147 45
0 646 742 658.941 790.296 633.059 693.704 
0 677 680 723.679 662.082 630.321 697.918 
2 730.05 598.919 731.337 600.098 732.603 601.3 733.848 602.523 735.071 603.768 736.272 605.034 737.452 606.32 738.608 607.628 739.741 608.955 740.852 610.302 741.938 611.667 743.001 613.052 744.039 614.455 745.052 615.876 746.041 617.314 747.004 618.77 747.942 620.242 748.854 621.73 749.74 623.234 750.599 624.753 751.432 626.286 752.238 627.835 753.016 629.396 753.768 630.972 754.492 632.56 755.188 634.16 755.855 635.773 756.495 637.397 757.106 639.032 757.689 640.677 758.243 642.332 758.768 643.996 759.263 645.67 759.73 647.352 760.167 649.041 760.574 650.738 760.952 652.442 761.3 654.153 761.618 655.869 761.906 657.59 762.164 659.316 762.392 661.047 762.589 662.781 762.756 664.518 762.893 666.258 763 668 763.076 669.744 763.122 671.488 763.137 673.234 763.122 674.979 763.076 676.724 763 678.467 762.893 680.209 762.756 681.949 762.589 683.686 762.392 685.421 762.164 687.151 761.906 688.877 761.618 690.598 761.3 692.314 760.952 694.025 760.574 695.729 760.167 697.426 759.73 699.115 759.263 700.797 758.768 702.471 758.243 704.135 757.689 705.79 757.106 707.436 756.495 709.07 755.855 710.694 755.188 712.307 754.492 713.907 753.768 715.495 753.016 717.071 752.238 718.633 751.432 720.181 750.599 721.715 749.74 723.234 748.854 724.737 747.942 726.226 747.004 727.698 746.041 729.153 745.052 730.591 744.039 732.012 743.001 733.415 741.938 734.8 740.852 736.166 739.741 737.512 738.608 738.839 737.452 740.147 45
0 641 639 734.358 603.163 547.642 674.837 
0 561 719 638.274 698.294 483.726 739.706 
2 555.51 670.997 553.91 671.692 552.297 672.36 550.674 673 549.039 673.611 547.394 674.194 545.738 674.748 544.074 675.272 542.401 675.768 540.719 676.235 539.029 676.672 537.332 677.079 535.628 677.457 533.918 677.805 532.202 678.123 530.48 678.411 528.754 678.669 527.024 678.897 525.29 679.094 523.552 679.261 521.812 679.398 520.07 679.505 518.327 679.581 516.582 679.627 514.837 679.642 513.092 679.627 511.347 679.581 509.603 679.505 507.861 679.398 506.121 679.261 504.384 679.094 502.65 678.897 500.919 678.669 499.193 678.411 497.472 678.123 495.756 677.805 494.046 677.457 492.342 677.079 490.645 676.672 488.955 676.235 487.273 675.768 485.6 675.272 483.935 674.748 482.28 674.194 480.635 673.611 479 673 477.376 672.36 475.764 671.692 474.163 670.997 472.575 670.273 471 669.521 469.438 668.743 467.89 667.937 466.356 667.104 464.837 666.245 463.333 665.359 461.845 664.447 460.373 663.509 458.918 662.546 457.479 661.557 456.058 660.544 454.655 659.505 453.271 658.443 451.905 657.357 450.558 656.246 449.231 655.113 447.924 653.956 446.637 652.777 445.371 651.576 444.126 650.353 442.903 649.108 441.701 647.842 440.522 646.555 439.366 645.248 438.232 643.921 437.122 642.574 436.036 641.208 434.973 639.823 433.935 638.42 432.922 637 431.933 635.561 430.97 634.106 430.032 632.634 429.12 631.146 428.234 629.642 427.375 628.123 426.542 626.589 425.736 625.041 424.957 623.479 424.206 621.904 423.482 620.316 45
2 491.422 735.867 489.696 736.125 487.965 736.353 486.231 736.55 484.494 736.718 482.754 736.855 481.012 736.961 479.268 737.037 477.524 737.083 475.779 737.098 474.033 737.083 472.289 737.037 470.545 736.961 468.803 736.855 467.063 736.718 465.326 736.55 463.592 736.353 461.861 736.125 460.135 735.867 458.414 735.579 456.698 735.261 454.987 734.913 453.283 734.535 451.586 734.128 449.897 733.691 448.215 733.224 446.541 732.729 444.877 732.204 443.222 731.65 441.576 731.068 439.942 730.456 438.318 729.817 436.705 729.149 435.105 728.453 433.517 727.729 431.941 726.978 430.379 726.199 428.831 725.393 427.298 724.56 425.779 723.701 424.275 722.815 422.787 721.903 421.315 720.965 419.859 720.002 418.421 719.013 417 718 415.597 716.962 414.212 715.899 412.846 714.813 411.5 713.703 410.173 712.569 408.865 711.413 407.579 710.234 406.313 709.032 405.068 707.809 403.845 706.564 402.643 705.298 401.464 704.011 400.308 702.704 399.174 701.377 398.064 700.03 396.977 698.664 395.915 697.28 394.877 695.877 393.863 694.456 392.875 693.018 391.911 691.562 390.974 690.09 390.062 688.602 389.176 687.098 388.317 685.579 387.484 684.045 386.678 682.497 385.899 680.935 385.148 679.36 384.424 677.772 383.728 676.171 383.06 674.559 382.42 672.935 381.809 671.3 381.227 669.655 380.673 668 380.148 666.335 379.652 664.662 379.186 662.98 378.749 661.29 378.341 659.593 377.964 657.889 377.616 656.179 377.298 654.463 377.01 652.742 45
1 447 686 10
0 385 606 377.178 655.384 392.822 556.616 
2 388.407 489.279 389.911 490.165 391.399 491.077 392.871 492.015 394.327 492.978 395.765 493.967 397.186 494.98 398.589 496.018 399.974 497.081 401.339 498.167 402.686 499.277 404.013 500.411 405.32 501.567 406.607 502.747 407.873 503.948 409.118 505.171 410.341 506.416 411.543 507.682 412.722 508.969 413.878 510.276 415.012 511.603 416.122 512.95 417.208 514.316 418.271 515.7 419.309 517.103 420.323 518.524 421.311 519.963 422.274 521.418 423.212 522.89 424.124 524.378 425.01 525.882 425.869 527.401 426.702 528.935 427.508 530.483 428.287 532.045 429.038 533.62 429.762 535.208 430.458 536.809 431.126 538.421 431.765 540.045 432.377 541.68 432.959 543.325 433.513 544.98 434.038 546.645 434.534 548.318 435 550 435.437 551.69 435.844 553.387 436.222 555.091 436.57 556.801 436.888 558.517 437.176 560.238 437.434 561.965 437.662 563.695 437.86 565.429 438.027 567.166 438.164 568.906 438.27 570.648 438.346 572.392 438.392 574.137 438.407 575.882 438.392 577.627 438.346 579.372 438.27 581.115 438.164 582.858 438.027 584.597 437.86 586.335 437.662 588.069 437.434 589.799 437.176 591.525 436.888 593.247 436.57 594.963 436.222 596.673 435.844 598.377 435.437 600.074 435 601.764 434.534 603.446 434.038 605.119 433.513 606.784 432.959 608.439 432.377 610.084 431.765 611.719 431.126 613.343 430.458 614.955 429.762 616.556 429.038 618.144 428.287 619.719 427.508 621.281 426.702 622.829 425.869 624.363 425.01 625.882 45
2 389.52 570.262 388.173 569.152 386.846 568.018 385.539 566.862 384.252 565.682 382.986 564.481 381.742 563.258 380.518 562.013 379.317 560.747 378.138 559.46 376.981 558.153 375.848 556.826 374.738 555.479 373.651 554.113 372.589 552.729 371.551 551.326 370.537 549.905 369.548 548.466 368.585 547.011 367.647 545.539 366.735 544.051 365.85 542.547 364.99 541.028 364.157 539.494 363.352 537.946 362.573 536.384 361.821 534.809 361.098 533.221 360.402 531.62 359.734 530.008 359.094 528.384 358.483 526.749 357.9 525.104 357.347 523.449 356.822 521.784 356.326 520.111 355.86 518.429 355.423 516.739 355.015 515.042 354.637 513.338 354.289 511.628 353.971 509.912 353.683 508.191 353.425 506.464 353.198 504.734 353 503 352.833 501.263 352.696 499.523 352.589 497.781 352.513 496.037 352.467 494.292 352.452 492.547 352.467 490.802 352.513 489.057 352.589 487.314 352.696 485.572 352.833 483.832 353 482.094 353.198 480.36 353.425 478.63 353.683 476.904 353.971 475.182 354.289 473.466 354.637 471.756 355.015 470.052 355.423 468.355 355.86 466.665 356.326 464.983 356.822 463.31 357.347 461.645 357.9 459.99 358.483 458.345 359.094 456.71 359.734 455.086 360.402 453.474 361.098 451.874 361.821 450.285 362.573 448.71 363.352 447.148 364.157 445.6 364.99 444.066 365.85 442.547 366.735 441.043 367.647 439.555 368.585 438.083 369.548 436.628 370.537 435.19 371.551 433.769 372.589 432.366 373.651 430.981 374.738 429.615 45
2 372.01 357.742 373.413 358.78 374.797 359.842 376.163 360.929 377.51 362.039 378.837 363.172 380.144 364.329 381.431 365.508 382.697 366.709 383.942 367.933 385.165 369.178 386.367 370.444 387.546 371.73 388.702 373.038 389.836 374.365 390.946 375.711 392.032 377.077 393.095 378.462 394.133 379.865 395.146 381.286 396.135 382.724 397.098 384.18 398.036 385.651 398.948 387.14 399.834 388.643 400.693 390.162 401.526 391.696 402.332 393.244 403.111 394.806 403.862 396.382 404.586 397.97 405.282 399.57 405.95 401.183 406.589 402.807 407.2 404.441 407.783 406.087 408.337 407.742 408.862 409.406 409.357 411.08 409.824 412.762 410.261 414.451 410.668 416.148 411.046 417.852 411.394 419.563 411.712 421.279 412 423 412.258 424.726 412.486 426.457 412.683 428.191 412.851 429.928 412.988 431.668 413.094 433.41 413.17 435.153 413.216 436.898 413.231 438.643 413.216 440.389 413.17 442.133 413.094 443.877 412.988 445.619 412.851 447.359 412.683 449.096 412.486 450.83 412.258 452.561 412 454.287 411.712 456.008 411.394 457.724 411.046 459.435 410.668 461.139 410.261 462.836 409.824 464.525 409.357 466.207 408.862 467.881 408.337 469.545 407.783 471.2 407.2 472.845 406.589 474.48 405.95 476.104 405.282 477.717 404.586 479.317 403.862 480.905 403.111 482.481 402.332 484.042 401.526 485.591 400.693 487.124 399.834 488.643 398.948 490.147 398.036 491.635 397.098 493.107 396.135 494.563 395.146 496.001 394.133 497.422 45
2 364.548 450.147 363.392 448.84 362.258 447.512 361.148 446.166 360.062 444.8 358.999 443.415 357.961 442.012 356.948 440.591 355.959 439.153 354.996 437.698 354.058 436.226 353.146 434.737 352.26 433.234 351.401 431.715 350.568 430.181 349.762 428.633 348.984 427.071 348.232 425.495 347.508 423.907 346.812 422.307 346.145 420.694 345.505 419.07 344.894 417.436 344.311 415.79 343.757 414.135 343.232 412.471 342.737 410.797 342.27 409.116 341.833 407.426 341.426 405.729 341.048 404.025 340.7 402.315 340.382 400.598 340.094 398.877 339.836 397.151 339.608 395.421 339.411 393.686 339.243 391.949 339.107 390.209 339 388.467 338.924 386.724 338.878 384.979 338.863 383.234 338.878 381.488 338.924 379.744 339 378 339.107 376.258 339.243 374.518 339.411 372.781 339.608 371.047 339.836 369.316 340.094 367.59 340.382 365.869 340.7 364.153 341.048 362.442 341.426 360.738 341.833 359.041 342.27 357.352 342.737 355.67 343.232 353.996 343.757 352.332 344.311 350.677 344.894 349.032 345.505 347.397 346.145 345.773 346.812 344.16 347.508 342.56 348.232 340.972 348.984 339.397 349.762 337.835 350.568 336.286 351.401 334.753 352.26 333.234 353.146 331.73 354.058 330.242 354.996 328.77 355.959 327.314 356.948 325.876 357.961 324.455 358.999 323.052 360.062 321.667 361.148 320.302 362.258 318.955 363.392 317.628 364.548 316.321 365.728 315.034 366.929 313.768 368.152 312.523 369.397 311.3 370.663 310.098 371.95 308.919 45
0 458 313 535.577 262.621 380.423 363.379 
2 370.173 314.689 373.007 311.372 375.898 308.104 378.846 304.887 381.849 301.722 384.907 298.61 388.02 295.551 391.185 292.548 394.401 289.6 397.669 286.709 400.987 283.875 404.354 281.1 407.769 278.384 411.23 275.727 414.738 273.132 418.29 270.598 421.886 268.127 425.524 265.719 429.204 263.374 432.925 261.095 436.684 258.88 440.482 256.731 444.316 254.649 448.186 252.635 452.091 250.688 456.03 248.809 460 247 464.001 245.26 468.032 243.59 472.092 241.991 476.179 240.463 480.292 239.007 484.43 237.622 488.591 236.31 492.775 235.071 496.979 233.905 501.204 232.812 505.446 231.794 509.706 230.849 513.982 229.98 518.272 229.184 522.576 228.464 526.891 227.819 531.217 227.25 535.552 226.756 539.895 226.338 544.245 225.995 548.6 225.729 552.959 225.539 557.321 225.424 561.684 225.386 566.047 225.424 570.409 225.539 614.458 235.963 618.683 237.055 618.683 237.055 622.887 238.221 622.887 238.221 627.071 239.461 627.071 239.461 631.232 240.773 653.232 230.773 657.37 232.157 659.37 231.157 663.483 232.614 664.483 232.614 668.57 234.142 668.57 234.142 672.63 235.741 672.63 234.741 676.661 236.411 681.661 233.411 685.662 235.151 685.662 235.151 689.633 236.96 689.633 236.96 693.571 238.838 693.571 238.838 697.476 240.785 697.476 240.785 701.346 242.8 701.346 242.8 705.18 244.882 705.18 244.882 708.978 247.031 710.978 247.031 714.737 249.245 714.737 249.245 718.458 251.525 718.458 251.525 722.138 253.869 26
2 638.52 182.738 638.323 184.472 638.095 186.203 637.837 187.929 637.549 189.65 637.231 191.366 636.883 193.077 636.505 194.781 636.098 196.478 635.661 198.167 635.194 199.849 634.698 201.523 634.174 203.187 633.62 204.842 633.037 206.487 632.426 208.122 631.786 209.746 631.118 211.359 630.422 212.959 629.699 214.547 628.947 216.123 628.169 217.684 627.363 219.233 626.53 220.766 625.67 222.285 624.785 223.789 623.873 225.277 622.935 226.749 621.972 228.205 620.983 229.643 619.97 231.064 618.932 232.467 617.869 233.852 616.783 235.217 615.672 236.564 614.539 237.891 613.382 239.198 612.203 240.485 611.002 241.751 609.779 242.996 608.534 244.219 607.268 245.421 605.981 246.6 604.674 247.756 603.347 248.89 602 250 600.634 251.086 599.249 252.149 597.846 253.187 596.426 254.201 594.987 255.189 593.532 256.152 592.06 257.09 590.572 258.002 589.068 258.888 587.549 259.747 586.015 260.58 584.467 261.386 582.905 262.165 581.33 262.916 579.742 263.64 578.141 264.336 576.529 265.004 574.905 265.643 573.27 266.255 571.625 266.837 569.97 267.391 568.305 267.916 566.632 268.412 564.95 268.878 563.26 269.315 561.563 269.722 559.859 270.1 558.149 270.448 556.433 270.766 554.711 271.054 552.985 271.312 551.255 271.54 549.521 271.738 547.784 271.905 546.044 272.042 544.302 272.148 542.558 272.224 540.813 272.27 539.068 272.285 537.323 272.27 535.578 272.224 533.834 272.148 532.092 272.042 530.352 271.905 528.615 271.738 45
2 498.289 186.289 499.534 185.066 500.8 183.865 502.087 182.686 503.394 181.529 504.721 180.396 506.068 179.285 507.434 178.199 508.818 177.136 510.221 176.098 511.642 175.085 513.081 174.096 514.536 173.133 516.008 172.195 517.496 171.283 519 170.397 520.519 169.538 522.053 168.705 523.601 167.899 525.163 167.121 526.738 166.369 528.326 165.645 529.927 164.95 531.539 164.282 533.163 163.642 534.798 163.031 536.443 162.448 538.098 161.894 539.763 161.37 541.436 160.874 543.118 160.407 544.808 159.97 546.505 159.563 548.209 159.185 549.919 158.837 551.635 158.519 553.357 158.231 555.083 157.973 556.813 157.745 558.547 157.548 560.284 157.381 562.024 157.244 563.766 157.137 565.51 157.061 567.255 157.015 569 157 570.745 157.015 572.49 157.061 574.234 157.137 575.976 157.244 577.716 157.381 579.453 157.548 581.187 157.745 582.917 157.973 584.643 158.231 586.365 158.519 588.081 158.837 589.791 159.185 591.495 159.563 593.192 159.97 594.882 160.407 596.564 160.874 598.237 161.37 599.902 161.894 601.557 162.448 603.202 163.031 604.837 163.642 606.461 164.282 608.073 164.95 609.674 165.645 611.262 166.369 612.837 167.121 614.399 167.899 615.947 168.705 617.481 169.538 619 170.397 620.504 171.283 621.992 172.195 623.464 173.133 624.919 174.096 626.358 175.085 627.779 176.098 629.182 177.136 630.566 178.199 631.932 179.285 633.279 180.396 634.606 181.529 635.913 182.686 637.2 183.865 638.466 185.066 639.711 186.289 45
2 464.948 251.255 464.01 249.783 463.098 248.295 462.212 246.791 461.353 245.272 460.52 243.738 459.714 242.19 458.935 240.628 458.184 239.053 457.46 237.465 456.764 235.864 456.096 234.252 455.457 232.628 454.845 230.993 454.263 229.348 453.709 227.693 453.184 226.028 452.689 224.355 452.222 222.673 451.785 220.983 451.378 219.286 451 217.582 450.652 215.872 450.334 214.156 450.046 212.435 449.788 210.708 449.56 208.978 449.363 207.244 449.195 205.507 449.058 203.767 448.952 202.025 448.876 200.281 448.83 198.536 448.815 196.791 448.83 195.046 448.876 193.301 448.952 191.558 449.058 189.816 449.195 188.076 449.363 186.338 449.56 184.604 449.788 182.874 450.046 181.148 450.334 179.426 450.652 177.71 451 176 451.378 174.296 451.785 172.599 452.222 170.909 452.689 169.227 453.184 167.554 453.709 165.889 454.263 164.234 454.845 162.589 455.457 160.954 456.096 159.331 456.764 157.718 457.46 156.118 458.184 154.529 458.935 152.954 459.714 151.392 460.52 149.844 461.353 148.31 462.212 146.791 463.098 145.287 464.01 143.799 464.948 142.327 465.911 140.872 466.9 139.434 467.913 138.013 468.951 136.61 470.014 135.225 471.1 133.859 472.21 132.512 473.344 131.185 474.5 129.878 475.679 128.591 476.881 127.325 478.104 126.081 479.349 124.857 480.615 123.656 481.902 122.477 483.209 121.32 484.536 120.187 485.883 119.077 487.249 117.99 488.633 116.928 490.036 115.89 491.457 114.876 492.895 113.887 494.351 112.924 45
2 483.844 119.109 486.733 117.669 489.647 116.278 492.586 114.94 495.547 113.652 498.53 112.416 501.534 111.233 504.558 110.102 507.602 109.025 510.664 108 513.743 107.029 516.839 106.112 519.95 105.249 523.076 104.441 526.216 103.687 529.368 102.988 532.532 102.344 535.707 101.756 538.891 101.223 542.085 100.746 545.286 100.324 548.494 99.9589 551.708 99.6494 554.927 99.3961 558.15 99.199 561.375 99.0581 564.603 98.9736 567.832 98.9454 571.061 98.9736 574.288 99.0581 577.514 99.199 580.737 99.3961 583.956 99.6494 587.17 99.9589 590.378 100.324 593.579 100.746 596.772 101.223 599.957 101.756 603.131 102.344 606.295 102.988 609.448 103.687 612.587 104.441 615.713 105.249 618.825 106.112 621.921 107.029 625 108 628.062 109.025 631.106 110.102 634.13 111.233 637.134 112.416 640.117 113.652 643.078 114.94 646.016 116.278 648.93 117.669 651.82 119.109 654.684 120.6 657.522 122.141 660.332 123.731 663.114 125.369 665.867 127.057 668.59 128.791 671.283 130.573 673.943 132.402 676.572 134.277 679.168 136.198 681.729 138.163 684.256 140.173 686.748 142.227 689.203 144.324 691.621 146.464 694.002 148.645 696.344 150.868 698.647 153.131 700.91 155.434 703.132 157.776 705.314 160.156 707.453 162.574 709.55 165.03 711.604 167.521 713.614 170.048 715.579 172.61 717.5 175.205 719.375 177.834 721.204 180.495 722.986 183.187 724.721 185.91 726.408 188.663 728.047 191.445 729.636 194.256 731.177 197.093 732.668 199.957 45
0 663 269 733.259 190.97 592.741 347.03 
2 716.98 358.92 715.701 359.832 714.406 360.721 713.097 361.588 711.772 362.432 710.433 363.253 709.079 364.05 707.712 364.824 706.332 365.573 704.938 366.299 703.533 367 702.115 367.676 700.685 368.327 699.245 368.953 697.794 369.555 696.332 370.13 694.861 370.68 693.38 371.205 691.891 371.703 690.393 372.175 688.886 372.622 687.373 373.041 685.852 373.435 684.325 373.801 682.791 374.141 681.252 374.454 679.707 374.741 678.158 375 676.605 375.232 675.047 375.437 673.487 375.615 671.923 375.766 670.357 375.889 668.789 375.985 667.22 376.053 665.65 376.094 664.079 376.108 662.508 376.094 660.938 376.053 659.369 375.985 657.801 375.889 656.235 375.766 654.672 375.615 653.111 375.437 651.554 375.232 650 375 648.451 374.741 646.906 374.454 645.367 374.141 643.833 373.801 642.306 373.435 640.785 373.041 639.272 372.622 637.766 372.175 636.268 371.703 634.778 371.205 633.297 370.68 631.826 370.13 630.365 369.555 628.913 368.953 627.473 368.327 626.043 367.676 624.626 367 623.22 366.299 621.827 365.573 620.446 364.824 619.079 364.05 617.726 363.253 616.386 362.432 615.062 361.588 613.752 360.721 612.457 359.832 611.178 358.92 609.916 357.985 608.67 357.029 607.44 356.051 606.228 355.052 605.034 354.032 603.857 352.991 602.699 351.93 601.56 350.849 600.44 349.748 599.339 348.627 598.257 347.488 597.196 346.33 596.155 345.153 595.135 343.959 594.136 342.747 593.158 341.518 592.202 340.271 591.268 339.009 45
0 548 354 599.919 418.115 496.081 289.885 
0 662 418 734.5 418 589.5 418 
0 773 353 845.401 349.206 700.599 356.794 
1 899 362 25
2 831.742 352.99 832.78 351.587 833.842 350.203 834.929 348.837 836.039 347.49 837.172 346.163 838.329 344.856 839.508 343.569 840.709 342.303 841.933 341.058 843.178 339.835 844.444 338.633 845.73 337.454 847.038 336.298 848.365 335.164 849.711 334.054 851.077 332.968 852.462 331.905 853.865 330.867 855.286 329.854 856.724 328.865 858.18 327.902 859.651 326.964 861.14 326.052 862.643 325.166 864.162 324.307 865.696 323.474 867.244 322.668 868.806 321.889 870.382 321.138 871.97 320.414 873.57 319.718 875.183 319.05 876.807 318.411 878.441 317.8 880.087 317.217 881.742 316.663 883.406 316.138 885.08 315.643 886.762 315.176 888.451 314.739 890.148 314.332 891.852 313.954 893.563 313.606 895.279 313.288 897 313 898.726 312.742 900.456 312.514 902.191 312.317 903.928 312.149 905.668 312.012 907.41 311.906 909.153 311.83 910.898 311.784 912.643 311.769 914.389 311.784 916.133 311.83 917.877 311.906 919.619 312.012 921.359 312.149 923.096 312.317 924.83 312.514 926.561 312.742 928.287 313 930.008 313.288 931.724 313.606 933.435 313.954 935.139 314.332 936.836 314.739 938.525 315.176 940.207 315.643 941.881 316.138 943.545 316.663 945.2 317.217 946.845 317.8 948.48 318.411 950.104 319.05 951.717 319.718 953.317 320.414 954.905 321.138 956.481 321.889 958.042 322.668 959.591 323.474 961.124 324.307 962.643 325.166 964.147 326.052 965.635 326.964 967.107 327.902 968.563 328.865 970.001 329.854 971.422 330.867 45
2 1008.52 331.738 1008.32 333.472 1008.09 335.203 1007.84 336.929 1007.55 338.65 1007.23 340.366 1006.88 342.077 1006.5 343.781 1006.1 345.478 1005.66 347.167 1005.19 348.849 1004.7 350.523 1004.17 352.187 1003.62 353.842 1003.04 355.487 1002.43 357.122 1001.79 358.746 1001.12 360.359 1000.42 361.959 999.699 363.547 998.947 365.123 998.169 366.684 997.363 368.233 996.53 369.766 995.67 371.285 994.785 372.789 993.873 374.277 992.935 375.749 991.972 377.205 990.983 378.643 989.97 380.064 988.932 381.467 987.869 382.852 986.783 384.217 985.672 385.564 984.539 386.891 983.382 388.198 982.203 389.485 981.002 390.751 979.779 391.996 978.534 393.219 977.268 394.421 975.981 395.6 974.674 396.756 973.347 397.89 972 399 970.634 400.086 969.249 401.149 967.846 402.187 966.426 403.201 964.987 404.189 963.532 405.152 962.06 406.09 960.572 407.002 959.068 407.888 957.549 408.747 956.015 409.58 954.467 410.386 952.905 411.165 951.33 411.916 949.742 412.64 948.141 413.336 946.529 414.004 944.905 414.643 943.27 415.255 941.625 415.837 939.97 416.391 938.305 416.916 936.632 417.412 934.95 417.878 933.26 418.315 931.563 418.722 929.859 419.1 928.149 419.448 926.433 419.766 924.711 420.054 922.985 420.312 921.255 420.54 919.521 420.738 917.784 420.905 916.044 421.042 914.302 421.148 912.558 421.224 910.813 421.27 909.068 421.285 907.323 421.27 905.578 421.224 903.834 421.148 902.092 421.042 900.352 420.905 898.615 420.738 45
0 981 286 998.918 239.321 963.082 332.679 
0 1025 295 1042.92 248.321 1007.08 341.679 
2 996.261 245.795 996.825 244.711 997.408 243.637 998.009 242.574 998.63 241.521 999.268 240.48 999.924 239.449 1000.6 238.43 1001.29 237.424 1002 236.429 1002.73 235.447 1003.47 234.478 1004.23 233.522 1005.01 232.579 1005.8 231.65 1006.61 230.735 1007.44 229.834 1008.28 228.948 1009.13 228.076 1010.01 227.22 1010.89 226.379 1011.79 225.554 1012.71 224.744 1013.64 223.951 1014.58 223.174 1015.53 222.413 1016.5 221.669 1017.49 220.943 1018.48 220.233 1019.49 219.541 1020.51 218.867 1021.54 218.211 1022.58 217.572 1023.63 216.952 1024.69 216.351 1025.77 215.768 1026.85 215.203 1027.95 214.658 1029.05 214.132 1030.16 213.626 1031.28 213.139 1032.41 212.671 1033.55 212.223 1034.69 211.795 1035.84 211.388 1037 211 1038.17 210.633 1039.34 210.286 1040.51 209.959 1041.7 209.653 1042.88 209.368 1044.08 209.104 1045.27 208.86 1046.48 208.637 1047.68 208.436 1048.89 208.255 1050.1 208.096 1051.31 207.957 1052.53 207.84 1053.75 207.744 1054.97 207.67 1056.19 207.617 1057.41 207.585 1058.63 207.574 1059.85 207.585 1061.07 207.617 1062.29 207.67 1063.51 207.744 1064.73 207.84 1065.95 207.957 1067.16 208.096 1068.37 208.255 1069.58 208.436 1070.79 208.637 1071.99 208.86 1073.19 209.104 1074.38 209.368 1075.57 209.653 1076.75 209.959 1077.93 210.286 1079.1 210.633 1080.26 211 1081.42 211.388 1082.57 211.795 1083.72 212.223 1084.85 212.671 1085.98 213.139 1087.1 213.626 1088.21 214.132 1089.32 214.658 1090.41 215.203 45
2 1037.91 261.827 1038.44 261.248 1038.98 260.679 1039.54 260.119 1040.1 259.568 1040.67 259.027 1041.24 258.497 1041.83 257.976 1042.43 257.466 1043.04 256.967 1043.65 256.478 1044.27 256 1044.9 255.533 1045.54 255.076 1046.19 254.632 1046.85 254.198 1047.51 253.776 1048.18 253.366 1048.86 252.967 1049.54 252.58 1050.23 252.206 1050.93 251.843 1051.63 251.493 1052.34 251.154 1053.05 250.829 1053.77 250.516 1054.5 250.215 1055.23 249.927 1055.96 249.652 1056.7 249.39 1057.45 249.141 1058.2 248.905 1058.95 248.682 1059.71 248.472 1060.47 248.275 1061.23 248.092 1062 247.922 1062.77 247.765 1063.54 247.622 1064.32 247.492 1065.09 247.376 1065.87 247.274 1066.65 247.185 1067.43 247.11 1068.22 247.048 1069 247 1069.78 246.966 1070.57 246.945 1071.36 246.938 1072.14 246.945 1072.93 246.966 1073.71 247 1074.49 247.048 1075.28 247.11 1076.06 247.185 1076.84 247.274 1077.62 247.376 1078.39 247.492 1079.17 247.622 1079.94 247.765 1080.71 247.922 1081.48 248.092 1082.24 248.275 1083 248.472 1083.76 248.682 1084.51 248.905 1085.26 249.141 1086.01 249.39 1086.75 249.652 1087.48 249.927 1088.21 250.215 1088.94 250.516 1089.66 250.829 1090.37 251.154 1091.08 251.493 1091.78 251.843 1092.48 252.206 1093.17 252.58 1093.86 252.967 1094.53 253.366 1095.2 253.776 1095.86 254.198 1096.52 254.632 1097.17 255.076 1097.81 255.533 1098.44 256 1099.06 256.478 1099.67 256.967 1100.28 257.466 1100.88 257.976 1101.47 258.497 45
0 1122 234 1165.3 259 1078.7 209 
0 1098 327 1098 402 1098 252 
0 1148 328 1148 403 1148 253 
0 1128 435 1165.16 468.457 1090.84 401.543 
0 1194 398 1244 398 1144 398 
2 1315.36 371.001 1314.86 373.216 1314.34 375.423 1313.77 377.619 1313.16 379.806 1312.52 381.981 1311.83 384.145 1311.11 386.297 1310.36 388.435 1309.56 390.561 1308.73 392.672 1307.86 394.768 1306.96 396.849 1306.02 398.913 1305.04 400.961 1304.03 402.992 1302.98 405.004 1301.9 406.998 1300.78 408.973 1299.63 410.928 1298.44 412.862 1297.22 414.776 1295.97 416.668 1294.69 418.538 1293.37 420.385 1292.02 422.209 1290.64 424.009 1289.23 425.784 1287.78 427.535 1286.31 429.26 1284.81 430.96 1283.27 432.633 1281.71 434.278 1280.12 435.897 1278.5 437.487 1276.86 439.049 1275.18 440.582 1273.48 442.085 1271.76 443.559 1270.01 445.002 1268.23 446.414 1266.43 447.795 1264.61 449.145 1262.76 450.463 1260.89 451.748 1259 453 1257.09 454.219 1255.15 455.405 1253.2 456.556 1251.22 457.673 1249.23 458.756 1247.22 459.804 1245.19 460.816 1243.14 461.793 1241.07 462.734 1238.99 463.638 1236.9 464.507 1234.78 465.338 1232.66 466.133 1230.52 466.89 1228.37 467.61 1226.21 468.292 1224.03 468.937 1221.84 469.543 1219.65 470.111 1217.44 470.641 1215.23 471.132 1213 471.584 1210.77 471.998 1208.53 472.372 1206.29 472.708 1204.04 473.004 1201.79 473.261 1199.53 473.478 1197.27 473.656 1195 473.795 1192.73 473.894 1190.47 473.953 1188.2 473.973 1185.93 473.953 1183.66 473.894 1181.39 473.795 1179.13 473.656 1176.87 473.478 1174.61 473.261 1172.35 473.004 1170.1 472.708 1167.86 472.372 1165.62 471.998 1163.39 471.584 1161.17 471.132 45
2 1240.29 400.199 1240.85 398.544 1241.43 396.899 1242.04 395.264 1242.68 393.64 1243.35 392.028 1244.04 390.427 1244.77 388.839 1245.52 387.264 1246.3 385.702 1247.1 384.154 1247.94 382.62 1248.8 381.101 1249.68 379.597 1250.59 378.109 1251.53 376.637 1252.5 375.181 1253.48 373.743 1254.5 372.322 1255.54 370.919 1256.6 369.535 1257.68 368.169 1258.79 366.822 1259.93 365.495 1261.08 364.188 1262.26 362.901 1263.47 361.635 1264.69 360.39 1265.93 359.167 1267.2 357.965 1268.49 356.786 1269.79 355.63 1271.12 354.496 1272.47 353.386 1273.83 352.3 1275.22 351.237 1276.62 350.199 1278.04 349.185 1279.48 348.197 1280.94 347.234 1282.41 346.296 1283.9 345.384 1285.4 344.498 1286.92 343.639 1288.45 342.806 1290 342 1291.56 341.221 1293.14 340.47 1294.73 339.746 1296.33 339.05 1297.94 338.382 1299.56 337.743 1301.2 337.131 1302.84 336.549 1304.5 335.995 1306.16 335.47 1307.84 334.974 1309.52 334.508 1311.21 334.071 1312.9 333.664 1314.61 333.286 1316.32 332.938 1318.03 332.62 1319.76 332.332 1321.48 332.074 1323.21 331.846 1324.95 331.648 1326.68 331.481 1328.42 331.344 1330.17 331.238 1331.91 331.162 1333.65 331.116 1335.4 331.101 1337.14 331.116 1338.89 331.162 1340.63 331.238 1342.37 331.344 1344.11 331.481 1345.85 331.648 1347.59 331.846 1349.32 332.074 1351.04 332.332 1352.76 332.62 1354.48 332.938 1356.19 333.286 1357.89 333.664 1359.59 334.071 1361.28 334.508 1362.96 334.974 1364.64 335.47 1366.3 335.995 45
2 1434.59 312.279 1434.13 313.961 1433.63 315.635 1433.11 317.299 1432.55 318.954 1431.97 320.599 1431.36 322.234 1430.72 323.858 1430.05 325.471 1429.35 327.071 1428.63 328.659 1427.88 330.235 1427.1 331.797 1426.29 333.345 1425.46 334.878 1424.6 336.397 1423.72 337.901 1422.8 339.389 1421.87 340.861 1420.9 342.317 1419.92 343.755 1418.9 345.176 1417.86 346.579 1416.8 347.964 1415.71 349.329 1414.6 350.676 1413.47 352.003 1412.31 353.311 1411.14 354.597 1409.93 355.863 1408.71 357.108 1407.47 358.331 1406.2 359.533 1404.91 360.712 1403.61 361.868 1402.28 363.002 1400.93 364.112 1399.57 365.199 1398.18 366.261 1396.78 367.299 1395.36 368.313 1393.92 369.301 1392.46 370.265 1390.99 371.202 1389.5 372.114 1388 373 1386.48 373.859 1384.95 374.692 1383.4 375.498 1381.84 376.277 1380.26 377.028 1378.67 377.752 1377.07 378.448 1375.46 379.116 1373.84 379.755 1372.2 380.367 1370.56 380.949 1368.9 381.503 1367.24 382.028 1365.56 382.524 1363.88 382.99 1362.19 383.427 1360.5 383.834 1358.79 384.212 1357.08 384.56 1355.36 384.878 1353.64 385.166 1351.92 385.424 1350.19 385.652 1348.45 385.85 1346.72 386.017 1344.98 386.154 1343.23 386.26 1341.49 386.337 1339.75 386.382 1338 386.397 1336.25 386.382 1334.51 386.337 1332.77 386.26 1331.02 386.154 1329.28 386.017 1327.55 385.85 1325.81 385.652 1324.08 385.424 1322.36 385.166 1320.64 384.878 1318.92 384.56 1317.21 384.212 1315.5 383.834 1313.81 383.427 1312.12 382.99 45
2 1353.32 337.518 1353.96 335.894 1354.62 334.281 1355.32 332.681 1356.04 331.093 1356.79 329.517 1357.57 327.956 1358.38 326.407 1359.21 324.874 1360.07 323.355 1360.96 321.851 1361.87 320.363 1362.81 318.891 1363.77 317.435 1364.76 315.997 1365.77 314.576 1366.81 313.173 1367.87 311.788 1368.96 310.423 1370.07 309.076 1371.2 307.749 1372.36 306.441 1373.54 305.155 1374.74 303.889 1375.96 302.644 1377.21 301.421 1378.47 300.219 1379.76 299.04 1381.07 297.884 1382.39 296.75 1383.74 295.64 1385.11 294.553 1386.49 293.491 1387.9 292.453 1389.32 291.439 1390.75 290.451 1392.21 289.487 1393.68 288.55 1395.17 287.638 1396.67 286.752 1398.19 285.893 1399.73 285.06 1401.27 284.254 1402.84 283.475 1404.41 282.724 1406 282 1407.6 281.304 1409.21 280.636 1410.84 279.996 1412.47 279.385 1414.12 278.803 1415.77 278.249 1417.44 277.724 1419.11 277.228 1420.79 276.762 1422.48 276.325 1424.18 275.918 1425.88 275.54 1427.59 275.192 1429.31 274.874 1431.03 274.586 1432.76 274.328 1434.49 274.1 1436.22 273.902 1437.96 273.735 1439.7 273.598 1441.44 273.492 1443.18 273.415 1444.93 273.37 1446.67 273.355 1448.42 273.37 1450.16 273.415 1451.91 273.492 1453.65 273.598 1455.39 273.735 1457.13 273.902 1458.86 274.1 1460.59 274.328 1462.32 274.586 1464.04 274.874 1465.75 275.192 1467.46 275.54 1469.17 275.918 1470.87 276.325 1472.56 276.762 1474.24 277.228 1475.91 277.724 1477.58 278.249 1479.23 278.803 1480.88 279.385 1482.51 279.997 45
0 1482 357 1486.45 441.884 1477.55 272.116 
0 1433 417 1441.36 496.562 1424.64 337.438 
2 1482.99 428.177 1483.64 430.712 1484.25 433.257 1484.82 435.813 1485.34 438.379 1485.82 440.953 1486.25 443.535 1486.64 446.124 1486.98 448.72 1487.27 451.321 1487.53 453.927 1487.73 456.537 1487.89 459.15 1488 461.765 1488.07 464.382 1488.1 467 1488.07 469.618 1488 472.235 1487.89 474.85 1487.73 477.463 1487.53 480.073 1487.27 482.679 1486.98 485.28 1486.64 487.876 1486.25 490.465 1485.82 493.047 1485.34 495.621 1484.82 498.187 1484.25 500.743 1483.64 503.288 1482.99 505.823 1482.29 508.346 1481.54 510.856 1480.75 513.353 1479.92 515.835 1479.05 518.303 1478.13 520.755 1477.17 523.191 1476.17 525.61 1475.13 528.01 1474.04 530.393 1472.92 532.756 1471.75 535.099 1470.54 537.421 1469.29 539.721 1468 542 1466.67 544.256 1465.3 546.488 1463.9 548.696 1462.45 550.879 1460.97 553.036 1459.45 555.168 1457.89 557.272 1456.3 559.349 1454.67 561.398 1453 563.418 1451.3 565.409 1449.57 567.37 1447.8 569.3 1446 571.199 1444.16 573.066 1442.29 574.901 1440.4 576.703 1438.47 578.472 1436.51 580.206 1434.51 581.907 1432.49 583.572 1430.45 585.202 1428.37 586.795 1426.26 588.353 1424.13 589.873 1421.98 591.356 1419.79 592.801 1417.58 594.207 1415.35 595.575 1413.1 596.904 1410.82 598.193 1408.52 599.442 1406.19 600.651 1403.85 601.819 1401.49 602.946 1399.11 604.032 1396.71 605.076 1394.29 606.078 1391.85 607.037 1389.4 607.954 1386.93 608.828 1384.45 609.658 1381.95 610.446 1379.44 611.189 1376.92 611.889 45
2 1436.29 468.289 1436.27 470.035 1436.23 471.779 1436.15 473.523 1436.05 475.265 1435.91 477.005 1435.74 478.742 1435.54 480.476 1435.32 482.207 1435.06 483.933 1434.77 485.654 1434.45 487.37 1434.1 489.08 1433.73 490.784 1433.32 492.482 1432.88 494.171 1432.42 495.853 1431.92 497.526 1431.4 499.191 1430.84 500.846 1430.26 502.491 1429.65 504.126 1429.01 505.75 1428.34 507.362 1427.64 508.963 1426.92 510.551 1426.17 512.126 1425.39 513.688 1424.58 515.236 1423.75 516.77 1422.89 518.289 1422.01 519.793 1421.09 521.281 1420.16 522.753 1419.19 524.209 1418.2 525.647 1417.19 527.068 1416.15 528.471 1415.09 529.855 1414 531.221 1412.89 532.568 1411.76 533.895 1410.6 535.202 1409.42 536.489 1408.22 537.755 1407 539 1405.76 540.223 1404.49 541.425 1403.2 542.604 1401.9 543.76 1400.57 544.894 1399.22 546.004 1397.86 547.09 1396.47 548.153 1395.07 549.191 1393.65 550.205 1392.21 551.193 1390.75 552.156 1389.28 553.094 1387.79 554.006 1386.29 554.892 1384.77 555.751 1383.24 556.584 1381.69 557.39 1380.13 558.169 1378.55 558.92 1376.96 559.644 1375.36 560.34 1373.75 561.008 1372.13 561.647 1370.49 562.259 1368.85 562.841 1367.19 563.395 1365.53 563.92 1363.85 564.415 1362.17 564.882 1360.48 565.319 1358.78 565.726 1357.08 566.104 1355.37 566.452 1353.65 566.77 1351.93 567.058 1350.21 567.316 1348.48 567.544 1346.74 567.742 1345 567.909 1343.27 568.046 1341.52 568.152 1339.78 568.228 1338.03 568.274 1336.29 568.289 45
0 1337 631 1340.66 700.904 1333.34 561.096 
0 1387 654 1392.23 703.726 1381.77 604.274 
3 3 1367 692 50 10
3 2 834 872 5 60
3 2 397 539 70 10
3 2 664 397 5 45
3 2 1121 359 50 10
